             data                                                data
             mean  standard error  standard error error optimal block
reblock                                                              
0        0.027962        0.003027              0.000008              
1        0.027962        0.004264              0.000017              
2        0.027962        0.005992              0.000033              
3        0.027962        0.008375              0.000065              
4        0.027962        0.011567              0.000128              
5        0.027962        0.015526              0.000243              
6        0.027962        0.019789              0.000437              
7        0.027962        0.021767              0.000681              
8        0.027962        0.023531              0.001042              
9        0.027962        0.024507              0.001538              
10       0.027962        0.023028              0.002052      <---    
11       0.027962        0.021130              0.002684              
12       0.027962        0.019440              0.003549              
13       0.027962        0.015704              0.004197              
14       0.027962        0.017282              0.007055              
15       0.027962        0.016966              0.011997              

[16 rows x 4 columns]