             data                                                data
             mean  standard error  standard error error optimal block
reblock                                                              
0        0.029729        0.003110              0.000009              
1        0.029729        0.004381              0.000017              
2        0.029729        0.006158              0.000034              
3        0.029729        0.008610              0.000067              
4        0.029729        0.011904              0.000132              
5        0.029729        0.016000              0.000250              
6        0.029729        0.020073              0.000444              
7        0.029729        0.022357              0.000699              
8        0.029729        0.024502              0.001085              
9        0.029729        0.024447              0.001534              
10       0.029729        0.026682              0.002377      <---    
11       0.029729        0.028474              0.003616              
12       0.029729        0.028093              0.005129              
13       0.029729        0.029124              0.007784              
14       0.029729        0.037327              0.015238              
15       0.029729        0.058877              0.041632              

[16 rows x 4 columns]